5:
  lower_arm_l: 90
  upper_arm_l: 90
  lower_arm_r: -90
  upper_arm_r: -90
  lower_leg_l: 0
  upper_leg_l: 0
  lower_leg_r: 0
  upper_leg_r: 0
  body: 180
  shoulder_dist: 0.15
dog:
  lower_arm_l : 16.83279305449073
  lower_arm_r : 16.261738732179023
  upper_arm_l : 13.580202351380246
  upper_arm_r : 11.246486109289451
  upper_leg_l : -7.352114106934458
  upper_leg_r : -6.377314733406033
  lower_leg_l : -24.435780113052584
  lower_leg_r : -24.393941797402544
  body : 43.79628747426414
  shoulder_dist: 0.15
warrior:
  lower_arm_l : 84.81184389594303
  lower_arm_r : -83.44029034749674
  upper_arm_l : 68.05469162502898
  upper_arm_r : -64.27419312086452
  upper_leg_l : 60.08696824201375
  upper_leg_r : -25.21970651992963
  lower_leg_l : -8.762065547324843
  lower_leg_r : -52.873566444726755
  body : 177.84975866213725
  shoulder_dist: 0.15
tree:
  lower_arm_l : -159.29179435773392
  lower_arm_r : 151.86682193328514
  upper_arm_l : 169.55793851590076
  upper_arm_r : -174.58277412212067
  upper_leg_l : 61.92392755554797
  upper_leg_r : 5.942062861800709
  lower_leg_l : -51.85515883987422
  lower_leg_r : -8.350557343732767
  body : -178.47724929186606
  shoulder_dist: 0.15

plank: {lower_arm_l: 3.3073321207493107, lower_arm_r: 0.29898768205478554, upper_arm_l: 8.81963531584745, upper_arm_r: 10.45013917421216, upper_leg_l: 62.0309824579868, upper_leg_r: 52.13038669309372, lower_leg_l: 71.73440941529589, lower_leg_r: 77.40173301085657, body: -113.83205743906129}

side_plank: {lower_arm_l: 170.42276901467562, lower_arm_r: -8.13432821985622, upper_arm_l: 161.7098329767517, upper_arm_r: 6.2949913763649095, upper_leg_l: 38.40317747448167, upper_leg_r: 42.34677398470213, lower_leg_l: 47.296639500958605, lower_leg_r: 50.67278319553489, body: -128.49324300752787}

cobra: {lower_arm_l: 7.3301199783222515, lower_arm_r: -4.823013927165118, upper_arm_l: 25.292029587585702, upper_arm_r: 39.555454847922384, upper_leg_l: 68.12732784138628, upper_leg_r: 70.23532854915722, lower_leg_l: 104.50105063307251, lower_leg_r: 91.86890746308042, body: -134.45495416839972}
